192
Anopheles_gambiae                      0.0000000 0.8590389 0.7779907 1.4996562 1.1476912 1.4096451 1.3759208 1.2110181 1.0513708 1.2158036 1.2538904 0.7115032 0.9091983 0.2697287 1.3039718 1.2883025 1.3711185 1.3290433 1.1657408 0.8691035 1.1693933 1.2506197 1.3281335 1.4167721 1.1204288 0.6926140 0.4609568 1.6445838 1.1602081 1.1295861 1.3331353 1.1945450 0.9552661 0.8456085 1.1383407 1.3575560 1.3029605 1.2153173 0.8250180 1.1889597 1.1213391 1.1702564 1.4215748 1.0296461 0.9061506 1.3538340 0.3493330 0.7009331 1.1663631 0.6193780 1.3313036 1.2500301 1.1282704 1.2102686 0.9737446 0.3708644 0.8696454 1.2721800 1.5350117 1.6446691 0.8609514 0.5439086 1.5037571 0.4932071 1.2867213 0.4705575 0.2323191 0.2472957 0.2139512 1.2907078 1.3428234 1.1813072 0.8704725 0.9828755 0.7717642 0.4489510 0.4484044 0.4859026 1.0154597 0.8947293 1.2045908 0.9573500 0.9629043 0.3416172 0.3081507 0.1616718 0.8714552 1.2725206 1.1635741 1.1445853 1.1695478 1.5006607 1.2028101 0.6775082 1.3039265 0.2554131 0.2288111 0.9461715 1.3634929 0.9464491 0.9674078 0.2600420 1.3085969 1.3337378 1.4291522 1.3166466 0.9985046 1.3342346 0.9493380 1.3368662 1.2821030 1.3873399 1.1299085 1.0648000 1.4107306 1.0639998 1.3585005 0.9421260 1.3092260 1.4491192 1.2694064 0.6309744 1.2240119 1.3513729 0.8211131 0.0803394 0.0442560 0.8044230 1.2286813 0.7023003 0.8294217 0.8911914 0.8408797 0.9166582 0.2072714 0.3025273 1.2495252 0.7968730 0.6374925 1.2680261 1.1900046 1.1945035 1.1836377 1.1904104 0.8639880 1.1296133 1.1255378 0.8028070 1.0481793 0.5817562 0.8059331 1.0751806 1.1907987 1.3129718 1.2759240 1.3487397 1.5581461 1.5891311 1.1207767 1.4180540 1.4900056 1.6032393 1.0815833 0.5833904 1.2187297 1.0402249 0.7174790 0.9419632 0.8893917 0.8984263 0.8791916 1.0746722 0.8283257 0.8694939 1.2199160 1.0559327 0.8725367 1.2395838 0.8351551 1.3428784 1.3662471 1.3274712 0.7817937 0.9160343 0.8107922 0.9021839 1.1554617 0.9225814 0.9038173 0.8645955 0.3939021 0.8008745 
Drosophila_virilis                     0.8590389 0.0000000 0.2628138 1.5291008 1.2009885 1.4028544 1.3925436 1.2647340 1.1135777 1.2369369 1.3478347 0.3219064 0.4948431 0.9803784 1.2793445 1.2859971 1.3493581 1.3155851 1.1719143 0.4256119 1.2270207 1.3343685 1.3161633 1.5262520 1.2231341 0.3808421 0.9653914 1.5921562 1.2037768 1.1771900 1.4096297 1.2230447 0.9170766 0.3051876 1.1833677 1.3205108 1.3403629 1.2751275 0.7463236 1.2332269 1.1654013 1.1833913 1.3870303 0.4760079 0.4249694 1.3632723 0.6976036 0.0456161 1.1043006 0.6832659 1.3506735 1.2791063 1.0782893 1.2349545 1.0331636 0.6112536 0.2335554 1.3260956 1.5782036 1.6147950 0.2630319 0.5544963 1.4687432 0.9962379 1.3372662 0.9532842 0.6498339 0.6051291 0.6794543 1.3979043 1.2792129 1.2506881 0.4782015 0.5435080 0.6412462 0.9294367 0.9187775 0.9038446 0.7445646 0.8332381 1.2557726 1.0290943 1.0171664 0.6387744 0.6860621 0.6568829 0.2981724 1.2531432 1.2338261 1.1915160 1.1876060 1.6252388 1.2439638 0.3311673 1.3406036 0.6773593 0.8706023 1.0061710 1.2911735 1.0109732 1.0115430 0.6795534 1.3490697 1.3523392 1.4466493 1.3089845 1.0495320 1.3198772 0.9948790 1.3825212 1.2128337 1.3069982 1.0774244 1.0343586 1.3568642 1.0347032 1.3722750 0.9364756 1.3310241 1.4750263 1.2673601 0.2374966 1.2242243 1.3197885 0.8402144 0.8413815 0.8865958 0.3961684 1.2861874 0.3964060 0.6442489 0.4445698 0.2764215 1.0152741 0.8935860 0.9059844 1.2500936 0.2469767 0.1700922 1.3342261 1.1993925 1.2298133 1.2037123 1.2261603 0.3173642 1.2384984 1.1661427 0.8024516 1.0320369 0.0574868 0.4462612 1.1231298 1.2182586 1.3455905 1.1997431 1.3179252 1.5642364 1.6328956 1.1901694 1.4439318 1.4223471 1.6339392 1.0499595 0.2165603 1.2716312 1.1230583 0.3749064 1.0049249 0.9102517 0.9243948 0.9202040 1.1144787 0.1975048 0.8371775 1.2622878 1.1029500 0.4122108 1.2394207 0.8230629 1.2760531 1.2757148 1.2845113 0.8829037 0.9430234 0.8707528 0.9216155 1.1875809 0.9529906 0.9368018 0.8874139 0.8950361 0.2476845 
Drosophila_pseudoobscura               0.7779907 0.2628138 0.0000000 1.5525870 1.2725032 1.5198507 1.3952153 1.2807557 0.9704183 1.2404190 1.2997473 0.3572758 0.5469701 0.9027832 1.3062807 1.2193642 1.3641352 1.3164884 1.1654176 0.4303380 1.1600048 1.2137576 1.2630342 1.5224309 1.1104203 0.3796443 0.8359944 1.7482858 1.1530019 1.1159949 1.3253644 1.2170530 0.9625052 0.2012809 1.1411063 1.2538723 1.3004606 1.2148087 0.7590363 1.2696944 1.0780960 1.1320383 1.3136117 0.4215629 0.5079612 1.2858687 0.6075854 0.2240953 1.1115000 0.6822868 1.2496138 1.2172921 0.9798948 1.1592575 0.9705901 0.5640117 0.2829564 1.2191295 1.6850504 1.8036499 0.2892169 0.5295904 1.4465204 0.9181782 1.2715927 0.9077501 0.5798201 0.5443943 0.5937540 1.3737649 1.3206426 1.2496893 0.5284364 0.5527724 0.6716428 0.8369715 0.8131037 0.7914222 0.8326143 0.8399610 1.2099234 0.9866704 0.9748874 0.5997853 0.6552692 0.5724269 0.1939944 1.2368151 1.1338359 1.1624676 1.1306011 1.6475867 1.1369215 0.3426493 1.3112239 0.6539051 0.8121378 1.0463737 1.2988988 1.0712566 1.0411902 0.6514226 1.2033826 1.3195834 1.3913832 1.3074975 1.1033765 1.2644000 1.0452471 1.2790833 1.2411285 1.3377361 1.0565772 1.0248561 1.3586623 0.9869906 1.3317482 1.0568509 1.3302454 1.6835519 1.2851480 0.1932950 1.1844925 1.3221084 0.8036403 0.7263017 0.7688478 0.3796717 1.2031560 0.4277088 0.6582120 0.4827828 0.2022910 0.9254472 0.7996805 0.8146869 1.2839982 0.1379607 0.2262120 1.1999423 1.1668786 1.2161666 1.2043848 1.2132871 0.2060040 1.1636073 1.0886546 0.8020555 0.9636194 0.2243276 0.4906077 1.0942061 1.2081597 1.1930198 1.2386051 1.2807158 1.6731992 1.7399067 1.1155285 1.4186166 1.3785380 1.7699513 1.0825796 0.1607280 1.2521445 1.1470394 0.3634980 0.9944214 0.9397427 0.9466331 0.9383287 1.0936267 0.2481936 0.8272135 1.1682034 0.9908765 0.4302038 1.1803466 0.7927160 1.4609781 1.3253584 1.3026479 0.8111821 0.9448426 0.8608650 0.8733042 1.1569979 0.9595351 0.9570005 0.8554499 0.7712910 0.1340158 
Planococcus_citri                      1.4996562 1.5291008 1.5525870 0.0000000 1.0538944 1.2623601 1.3063576 1.2567981 1.2622584 1.3031694 1.2374690 1.2537423 1.5665040 1.4675513 1.2926545 1.0782969 1.1815864 1.3530128 1.1839058 1.5241801 1.4262745 1.2836171 1.3969074 1.2777008 1.3692552 1.2088710 1.4964680 1.1625253 1.2714936 1.1998919 1.5899526 1.2708172 0.9332696 1.6495244 1.1481933 1.2605219 1.3204403 1.1987232 1.4230697 1.3683233 1.3609802 1.2671007 1.4646148 1.6580317 1.3790413 1.3377719 1.1766342 1.2803369 1.1668387 1.1184182 1.6174834 1.5357567 1.3787381 1.4806269 0.9703688 1.1191370 1.5590502 1.5710913 1.1557656 1.1580799 1.5236625 1.1893133 1.4673614 1.4764819 1.4407532 1.3867507 1.1663350 1.1283745 1.2668818 1.0183633 1.3112652 0.9044030 1.2998431 1.3638011 1.1911555 1.4899964 1.4594767 1.3690105 1.2895497 1.4756823 1.0585701 1.0792188 1.0864825 1.0510514 1.1078178 1.1935942 1.7336425 1.2293788 1.2878974 1.2460989 1.2656201 1.2176215 1.3484005 1.1426597 1.2986622 1.2532533 1.4061813 0.8853921 1.3760240 0.9113543 0.8755653 1.2684300 1.5712629 1.4658773 1.4203682 1.3094165 0.9293077 1.3707574 0.8829599 1.5414460 1.1721786 1.2661104 1.0509096 1.1150058 1.2257296 1.1031118 1.2463972 0.7830063 1.2748991 1.3044853 1.2709310 1.2497962 1.3079397 1.3508942 0.9448441 1.5048835 1.5630246 1.3728110 1.3295415 1.1285744 1.2370331 1.2426934 1.6022625 1.5129144 1.4946973 1.5848391 1.2443273 1.6120596 1.1331502 1.4399139 1.2725116 1.2637241 1.2520594 1.2606550 1.6313428 1.3430420 1.2516254 1.3355208 0.9263178 1.1406859 1.2890504 1.2562209 1.3735236 1.4500020 1.2958815 1.3156699 1.1228542 1.1261819 1.4369324 1.2453667 1.4820594 1.1966370 1.0039563 1.2190638 1.3909138 0.8026207 1.2613532 1.0733754 0.9838716 0.9830712 0.9980013 1.2253960 1.5503288 0.8935647 1.4193559 1.2299842 1.5307057 1.4051189 0.9313128 0.8677706 1.2598154 1.2810320 1.0078412 0.9974346 1.0378599 1.1011962 1.2838502 0.9473310 1.0187790 1.0804487 1.4529082 1.5743551 
Schistocerca_gregaria                  1.1476912 1.2009885 1.2725032 1.0538944 0.0000000 0.8225112 0.8574003 0.9643356 0.9775621 0.9197312 0.9302750 1.0153409 1.2118888 1.1430522 0.8344792 0.7460131 0.5394334 0.8553033 0.9840904 1.1702149 0.9816387 0.9485583 1.1279610 0.9206151 0.9805172 0.8986566 1.1911532 0.9521303 0.8948442 0.8794459 1.1220967 0.9022863 0.7135688 1.2017002 0.7859744 0.9314161 0.9923772 0.9266303 1.0069031 0.9221037 0.9742149 0.8895986 1.1011619 1.2357914 1.0826100 0.9914673 0.9489726 1.0399687 0.7407304 0.9228528 1.2606740 1.1510309 1.0819663 1.1522955 0.5748016 0.9034508 1.1209108 1.2089041 0.9301667 0.9387792 1.1331563 0.9229400 1.0856143 1.0963225 0.8984760 1.1331428 0.8691163 0.8277047 0.9695749 0.9850477 0.8161923 0.9030358 0.9373194 1.0140894 0.9364266 1.1207441 1.1974033 1.0390027 0.9528547 1.1381586 0.7594211 0.8723619 0.8626718 0.8250401 0.8080030 0.8503942 1.2809334 0.7952946 1.0646241 0.8998629 0.8725379 1.0273183 1.0662722 0.9028820 1.0179975 0.9398956 1.1067282 0.0164734 1.0921902 0.0526381 0.0398037 0.9900333 1.2180922 1.0989750 1.0768445 0.8511362 0.0406063 1.1091820 0.0522018 1.2039145 0.7775743 0.8112125 0.8697128 0.9175138 0.9218752 0.9165136 0.9372935 0.5709273 0.9391986 0.8110117 0.8565704 1.0059100 0.9406249 0.8636286 0.7110645 1.1133321 1.1575953 0.9867650 1.0122569 0.8440107 0.9918656 1.0016082 1.1948707 1.1527464 1.1537643 1.1121491 0.8127096 1.2751852 0.9331551 0.9768869 0.9058272 0.9112423 0.8885696 0.9075423 1.2681330 0.8833319 0.8436337 1.0007548 0.7633104 0.9366539 0.9262167 0.8896243 0.9272658 1.1165124 1.1416391 0.9927653 0.8944803 0.9090016 0.9285055 0.9682129 1.1530846 0.9502315 0.5671516 0.9069324 0.9732797 0.6584288 0.9538947 0.7246123 0.7185664 0.7224053 0.7139669 0.7851925 1.2082628 0.6711663 1.0906374 0.7591357 1.1648533 1.0008307 0.6616974 0.7572885 0.8323886 0.8409660 0.7323725 0.6811139 0.7678976 0.7399799 0.8365646 0.6903755 0.7312789 0.8545133 1.1834426 1.2689034 
Leptopilina_boulardi                   1.4096451 1.4028544 1.5198507 1.2623601 0.8225112 0.0000000 0.1412493 1.0935343 1.1918786 0.6346435 1.1134888 1.1532838 1.3677074 1.2932669 0.5673869 1.1238497 0.9522852 0.5489687 1.0707714 1.3007745 0.6745022 1.1152880 1.2892577 1.1205937 0.6969737 1.0355237 1.3854638 1.1462304 0.6294509 0.6133544 0.7926759 0.6303255 0.7607416 1.5511778 0.5822061 1.1569237 1.2042747 1.0641986 1.0801979 0.5993617 0.6890621 0.6304055 1.2902062 1.4523641 1.1667725 1.1995614 1.0406642 1.2403036 0.5790700 0.9571880 1.4289146 1.3907578 1.1478368 1.3164643 0.8787284 0.9891304 1.4230723 1.4307119 1.1476194 1.2041950 1.4332242 0.9802759 1.2410559 1.2692439 0.6616520 1.2328197 1.0420709 1.0069105 1.1096872 1.1311215 0.5046128 0.9735564 1.0699714 1.1741110 1.0116879 1.3187590 1.3497214 1.2673009 1.0270182 1.3035281 1.0707764 0.5475618 0.5394405 0.9609676 0.9259598 1.0170936 1.6445354 0.5531235 1.1912769 0.6440428 0.6191378 1.3281688 1.2186282 0.9997648 1.2401706 1.1424648 1.2596961 0.6888584 1.1765583 0.7178934 0.7040111 1.1356645 1.4036986 1.2587522 1.2038651 0.5748827 0.7149216 1.2221342 0.7031111 1.3341781 0.5356475 0.5406527 0.9221192 1.0086704 1.0641967 0.9994556 1.1478495 0.6105206 1.1326039 0.5180363 0.5503322 1.1512299 0.6434744 0.5950935 0.4625525 1.4069313 1.4709560 1.1918522 1.1802123 0.9487939 1.0251296 1.1440314 1.5035083 1.3671383 1.3399648 1.3783387 0.5346169 1.4864307 1.0352608 1.3668354 0.5896041 0.6250440 0.6338668 0.6282714 1.5968238 0.6947565 0.6158944 1.1470755 0.8373745 1.0923129 1.0601528 0.5874398 0.6796221 1.3737441 1.1683486 1.1380580 1.1095948 1.1387465 0.7366118 1.1012925 1.3070749 1.2107684 0.8541007 1.0961288 0.6538389 0.7803925 1.1290823 0.5286982 0.4935910 0.4876751 0.4830372 0.5530988 1.4910070 0.4759366 1.3105285 0.6123289 1.2965822 0.6473293 0.4569405 0.8496860 0.5490549 0.5435564 0.5304593 0.4751439 0.5077609 0.5543381 0.5984534 0.4648991 0.5002962 0.5592621 1.3792679 1.4533477 
Leptopilina_heterotoma                 1.3759208 1.3925436 1.3952153 1.3063576 0.8574003 0.1412493 0.0000000 1.0687371 1.1059686 0.6615866 1.0869872 1.1033849 1.4052631 1.2951103 0.6090059 1.1354595 0.9857959 0.5913413 1.0113456 1.3452183 0.7028411 1.1220821 1.2849995 1.1295677 0.6951482 1.0750347 1.3401544 1.2370689 0.6819051 0.6368510 0.7723983 0.6558669 0.7788048 1.4289770 0.6254015 1.1343528 1.2251697 1.0421167 1.1537112 0.6399663 0.6868645 0.6435349 1.2427741 1.3932857 1.1879946 1.1857195 1.0269603 1.2321427 0.6060606 0.9923843 1.4039868 1.3234266 1.1313051 1.2733216 0.8746456 1.0066268 1.3969433 1.3733203 1.1933001 1.2247125 1.3843861 0.9576183 1.2380311 1.2821050 0.6939088 1.2188587 1.0496776 1.0167743 1.0835652 1.1333969 0.5526773 0.9689977 1.0488086 1.1881711 0.9984385 1.3553399 1.3126632 1.2551664 1.0637726 1.3311134 1.0760769 0.5537442 0.5397874 0.9671071 0.9212339 0.9997008 1.5302584 0.5685922 1.1410975 0.6637903 0.6408040 1.3339064 1.2093805 1.0730582 1.2111239 1.1304788 1.2351571 0.6943658 1.1690785 0.7206444 0.7134934 1.1210187 1.3399712 1.2540821 1.2144625 0.6215922 0.7310830 1.1860687 0.7168947 1.3097397 0.5610906 0.5808393 0.9307292 0.9891788 1.0654944 0.9672990 1.1444829 0.6560735 1.1323537 0.5891939 0.5885528 1.0233657 0.6715206 0.6319039 0.4542922 1.3725329 1.4304364 1.2029565 1.1496446 0.8954922 1.0229447 1.1302787 1.3898034 1.3693229 1.3163696 1.3328820 0.5677581 1.4079356 1.0336328 1.3492754 0.6169665 0.6504933 0.6477703 0.6501434 1.4788917 0.6837671 0.6300701 1.1964196 0.8780748 1.0783540 1.0606663 0.6117390 0.6713135 1.3126006 1.1993280 1.1043984 1.1646272 1.2010646 0.7449400 1.1513630 1.3402839 1.1953089 0.8912000 1.0509979 0.6883658 0.8124195 1.1998795 0.5183788 0.5060776 0.4946554 0.5016036 0.5704285 1.4353750 0.4662094 1.2945846 0.5720730 1.3543381 0.7208975 0.4297201 0.8638316 0.5958473 0.5847435 0.5156982 0.4945396 0.5099242 0.5382560 0.6243799 0.4796776 0.5131324 0.5350790 1.2758646 1.3988048 
Tenebrio_molitor                       1.2110181 1.2647340 1.2807557 1.2567981 0.9643356 1.0935343 1.0687371 0.0000000 1.0145295 1.0874989 0.6163428 1.1086321 1.3591584 1.2441544 1.0720162 1.0904214 1.0854015 1.0734294 0.9817213 1.3167775 1.1161688 0.7861952 1.1448778 0.6283743 1.0769662 1.0577955 1.2927597 1.3171988 1.0615969 1.0359638 1.2881947 1.0590546 0.8527063 1.3223705 0.9962916 0.6670620 0.7971417 0.3252058 1.1376081 1.0759344 1.0433812 1.0348775 1.2413767 1.4649065 1.2191426 0.6859349 0.9702619 1.1073641 0.9798777 0.9861535 1.2234205 1.1761360 1.0740791 1.1260370 0.9222485 0.9129773 1.2933144 1.1821557 1.2818858 1.3192313 1.3036839 0.9914815 1.2144268 1.2145141 1.0365278 1.2184474 1.0103705 0.9396171 1.0280932 0.7005524 1.0148950 0.6062562 1.1200286 1.1999215 1.0230492 1.2613583 1.1975034 1.1881526 1.1899554 1.3432635 1.0414121 0.8514192 0.8421231 0.9329576 0.9658757 1.0104656 1.3141651 1.0069904 1.1012171 1.0575275 1.0500592 1.3759189 1.0996802 1.0082894 0.6767904 0.9573809 1.2636312 0.7704705 1.0859596 0.7824574 0.7812687 1.0084019 1.2377948 1.1448813 1.2254136 1.0780377 0.8330992 1.1230027 0.7924419 1.2336833 0.9880518 1.0301876 0.9334508 0.9399588 0.6258184 0.9464742 0.6569960 0.6955806 0.3253042 1.1001715 1.0418703 1.0278615 1.0959663 1.0912196 0.7390928 1.2527186 1.2687765 1.2024690 1.1098143 1.0089804 1.0596516 1.1206881 1.2301048 1.3953942 1.2893564 1.2582113 1.0283158 1.2933713 1.0293359 1.2296151 1.0215790 1.0571761 1.0510518 1.0620788 1.3110298 1.0546891 0.9905024 1.3273364 0.4568841 0.9733919 1.1065369 0.9954026 1.0419558 1.2004676 1.0569058 1.1371604 1.2261247 1.2919208 1.1326405 0.8202833 1.1874513 1.3519000 0.9216875 0.9238823 1.0900153 0.8814453 1.1111170 0.8990353 0.8484558 0.8477409 0.8470152 1.0239264 1.2991079 0.7480392 0.8060864 0.9549744 1.3121542 1.1023566 0.7669835 0.9328153 1.0690107 1.0694638 0.8072444 0.8470861 0.8318526 0.9016637 1.0533853 0.7975876 0.8674039 0.8388213 1.2174119 1.2791184 
Ostrinia_nubilalis                     1.0513708 1.1135777 0.9704183 1.2622584 0.9775621 1.1918786 1.1059686 1.0145295 0.0000000 0.9751025 1.0430772 1.0948869 0.9851501 1.1801394 1.0528662 0.9363498 1.0655706 1.0954083 0.2707022 1.1632261 0.9740554 1.0047190 0.2540669 1.1310025 0.9756239 1.0284087 1.0872498 1.3897225 0.9689896 0.9189413 1.0397222 0.9539128 0.9392142 1.0471737 0.9345033 1.0261448 1.1192504 0.9872118 1.1143090 0.9963500 0.9683429 0.9368707 0.3317553 1.2229424 1.1865698 1.0323628 0.9056102 1.0195443 0.9691851 1.0274414 0.3365336 0.3415356 0.3019555 0.3158970 0.8846925 0.9250269 1.0907437 0.3104134 1.2679717 1.3639364 1.0635175 0.9764846 0.3327953 1.1292953 1.1173163 1.1340302 0.9579832 0.9485767 0.9600249 1.0633465 1.1225673 0.9820103 1.1266465 1.2030331 1.0749987 1.1095293 1.0555807 1.0078181 1.2864540 1.2393323 0.9781402 0.8624254 0.8481309 0.9828064 1.0030400 0.9972381 1.0525167 1.0466694 0.3144222 0.9400701 0.9665498 1.3560681 0.2838980 1.0307645 1.0566745 0.9824054 1.0949997 0.9294143 0.2873510 0.9533979 0.9321231 0.9845147 0.3074705 0.2873082 0.3085118 1.0601889 0.9512248 0.2608734 0.9612162 0.2777446 1.0491814 1.0859496 0.2872926 0.2647085 1.0316603 0.2448005 1.0442772 1.0027542 1.0630982 1.3127681 1.0584539 0.9732808 0.9733412 1.0741055 0.7934551 1.1485743 1.1133367 1.1482103 0.2719465 1.1408440 1.0888896 1.1214947 1.0420019 1.2603549 1.1564810 1.1901328 1.0351917 0.9952203 0.8827005 1.1772210 0.9330266 0.9702223 0.9453828 0.9706246 1.0497799 0.9861783 0.9552406 1.2643292 0.8225789 0.9522990 1.2112848 0.9536465 0.9729818 0.0216861 0.3316127 0.3457720 1.3118651 1.2676768 1.0839492 1.1831541 0.2801006 1.3279556 0.8892106 0.8378886 1.0401453 1.0251897 1.0741003 0.8756813 0.8799242 0.8830200 0.8832429 1.0408174 1.0875043 0.7547025 1.0405853 0.9275125 1.1716366 0.9794645 0.7573687 1.0888690 1.1020275 1.0038246 0.8598473 0.8742809 0.8431756 0.8934634 1.0242615 0.8471120 0.8960259 0.7922769 1.0459325 1.0190250 
Bombus_pascuorum                       1.2158036 1.2369369 1.2404190 1.3031694 0.9197312 0.6346435 0.6615866 1.0874989 0.9751025 0.0000000 1.1111643 1.0061275 1.3490108 1.3514992 0.2980258 1.0888329 1.0533243 0.4903581 0.9592764 1.2962054 0.2295846 1.0831118 1.1428712 1.1985908 0.3288158 0.9268740 1.2353444 1.4358723 0.1554001 0.1821389 0.3048642 0.0267842 0.8046229 1.2275299 0.4349311 1.1374726 1.1514254 0.9964622 1.1792875 0.3702282 0.2037556 0.0397650 1.2958261 1.4128978 1.2293798 1.2084987 0.9305579 1.0258109 0.4942143 0.9718475 1.2240157 1.2060016 1.0153606 1.1375217 0.8087013 0.8397111 1.1837657 1.2216438 1.3274788 1.3853629 1.2139704 0.8552717 1.2787081 1.2365089 0.6159622 1.2395453 0.9106511 0.8677910 0.9750020 1.1507502 0.4565039 1.0526907 1.1161834 1.2961863 0.9497076 1.2353829 1.2497350 1.1907350 1.3185175 1.3533846 1.0437172 0.1670088 0.1613760 0.8883494 0.9054615 0.9454462 1.2653646 0.2564807 1.1223549 0.0300876 0.0211971 1.3808565 1.1088814 0.9291214 1.1680245 0.9556276 1.2349360 0.7188550 1.1135052 0.7461415 0.7488935 0.9946561 1.2359371 1.2141732 1.2246390 0.3078294 0.7859844 1.1639495 0.7498804 1.2706618 0.5071237 0.5041778 0.9170874 0.9142694 1.1511426 0.8445332 1.1766515 0.7228227 1.0939099 0.6288175 0.2846699 0.9190024 0.0727921 0.3113621 0.1543500 1.2660779 1.2835401 1.1059316 1.0991084 0.9186579 1.0708000 1.0924690 1.2061092 1.5041649 1.2983266 1.2349741 0.2768534 1.2280705 0.8670629 1.1182890 0.1669846 0.0292997 0.0274783 0.0297469 1.2662376 0.3152631 0.2117716 1.2234040 0.8569124 0.9062144 1.1382337 0.3558346 0.3866220 1.1876740 1.1698669 1.1296542 1.2993379 1.3331702 0.4392721 1.1321104 1.2275425 1.3642542 0.8475409 0.8320112 0.3498057 0.8414633 1.0671021 0.3470873 0.3046638 0.3020628 0.2957837 0.2984034 1.1654607 0.1251294 1.0942918 0.1344754 1.2834245 0.4331236 0.1842028 0.9349153 0.3206012 0.2991462 0.2648931 0.3167225 0.2894711 0.3147411 0.3557446 0.4199202 0.3094579 0.1752543 1.1564038 1.2373932 
Cylas_formicarius                      1.2538904 1.3478347 1.2997473 1.2374690 0.9302750 1.1134888 1.0869872 0.6163428 1.0430772 1.1111643 0.0000000 1.1031732 1.3507834 1.2347327 1.0911943 1.0429213 1.1151129 1.0997570 0.9955334 1.3103013 1.0988810 0.8181452 1.1380098 0.6434531 1.1022408 1.0848119 1.2466366 1.2830752 1.0783785 1.0191315 1.2987223 1.0737938 0.8880854 1.3040484 0.9522115 0.5157212 0.8492918 0.6293404 1.1505086 1.0761782 1.0811842 1.0511401 1.1895521 1.5079075 1.2350015 0.5332683 1.0482925 1.1987326 0.9851275 1.0235720 1.2038863 1.1789692 1.0342354 1.1252960 0.9360690 0.9604811 1.3339611 1.1797999 1.2375577 1.2506875 1.3674510 0.9830484 1.2374618 1.2526768 1.1159477 1.2032017 1.0050641 0.9756541 1.0572945 0.6774010 1.0705486 0.5791936 1.0710915 1.2431377 1.0227156 1.2857935 1.2764463 1.2397552 1.2013090 1.3133789 1.0374649 0.8949396 0.9006291 0.9633131 0.9335243 0.9765805 1.3585713 1.0340328 1.0731119 1.0618072 1.0509940 1.3098999 1.1337125 1.0581169 0.5273488 1.0288235 1.2194712 0.7915268 1.0813132 0.8196764 0.8073703 1.0521432 1.2166235 1.1536745 1.1564933 1.1069142 0.8150246 1.1355954 0.8144325 1.2188081 0.9805820 1.0293269 0.9220788 0.9675136 0.6668792 0.9646472 0.7087129 0.7163347 0.6823171 1.1174173 1.0437513 1.0442535 1.1075347 1.0927539 0.7979857 1.2665410 1.2708919 1.2377581 1.1472793 1.0643030 1.0438674 1.1713469 1.2329326 1.4130902 1.2539732 1.2800939 1.0555963 1.3116024 1.0094909 1.2384686 1.0567863 1.0756242 1.0618308 1.0751671 1.3293763 1.1063425 0.9836501 1.2077035 0.3924648 1.0616946 1.1379024 0.9583450 1.1079974 1.2211316 1.1118099 1.1132993 1.2227831 1.2322739 1.1214451 0.8195514 1.2143916 1.2895579 1.0069734 0.9713972 1.1331780 0.8713681 1.1439519 0.8821902 0.8548857 0.8474047 0.8454918 1.0135120 1.3079902 0.7636452 0.8592095 0.9735273 1.3255315 1.1180675 0.7993947 0.8983917 1.0490379 1.0462994 0.8231414 0.8383125 0.7990058 0.9110797 1.0046743 0.8114550 0.8647338 0.8641903 1.2399964 1.2873194 
Anastrepha_obliqua                     0.7115032 0.3219064 0.3572758 1.2537423 1.0153409 1.1532838 1.1033849 1.1086321 1.0948869 1.0061275 1.1031732 0.0000000 0.0511528 0.7000064 1.0249899 1.0624272 1.1604145 1.0891738 1.1178279 0.1280990 1.0601425 1.0339671 1.1481662 1.2285574 1.0308159 0.1723584 0.7366869 1.2732000 1.0118038 1.0002326 1.1133158 1.0013427 0.8196334 0.3823677 0.9549080 1.1448760 1.0377995 1.0789781 0.6162029 1.0244902 1.0686149 0.9953948 1.1407033 0.4043379 0.1707405 1.1543613 0.6202342 0.2959511 0.9376337 0.6134818 1.1627788 1.1227874 1.0564651 1.0529489 0.9532502 0.5982971 0.3050740 1.1369102 1.2114114 1.2845696 0.3123312 0.5271102 1.1996886 0.7772326 1.1065932 0.7390745 0.5861969 0.5524468 0.6450385 1.1216492 1.0053225 1.1421237 0.3501930 0.3692250 0.5879677 0.6896584 0.7448293 0.6472102 0.5208741 0.6041317 1.0226634 0.9618052 0.9524999 0.5707295 0.5745761 0.5548110 0.3749962 0.9989864 1.0952311 0.9685149 0.9949765 1.3059865 1.0831001 0.1499657 1.1746536 0.6083753 0.6252581 0.9115995 1.1542454 0.9174777 0.9142561 0.5865103 1.1400373 1.1124635 1.1956237 1.0284152 0.9434872 1.1373142 0.9095533 1.1484965 0.9633713 1.0912607 0.9969474 1.0147296 1.1408335 0.9100991 1.1203542 0.7991038 1.1218160 1.0765703 1.0173163 0.3499136 1.0224046 1.0515464 0.8591938 0.6894790 0.7098380 0.1435318 1.0808846 0.2752076 0.5179130 0.3368020 0.3570403 0.7199383 0.6950388 0.7335920 1.0114341 0.3282614 0.2995755 1.2073586 1.0259937 1.0113201 0.9986818 1.0058776 0.3602088 1.0259569 1.0028712 0.6128335 0.9383710 0.2904789 0.4203822 0.9749704 1.0658229 1.1407338 1.0545590 1.1297075 1.1927377 1.2211632 1.1180687 1.1266456 1.1783087 1.2912328 0.8719768 0.2947303 1.0623205 1.0465217 0.1445709 0.8969882 0.8669501 0.8623431 0.8783413 0.9811263 0.3270306 0.7585684 1.1333680 0.9822948 0.1290075 1.0725470 0.8196007 1.1570201 0.9910900 1.0355461 0.8480362 0.8690372 0.9350049 0.8944447 1.0078370 0.8844976 0.8957760 0.8619891 0.7270387 0.3283051 
Anastrepha_ludens                      0.9091983 0.4948431 0.5469701 1.5665040 1.2118888 1.3677074 1.4052631 1.3591584 0.9851501 1.3490108 1.3507834 0.0511528 0.0000000 0.8938604 1.3139183 1.3025331 1.3788653 1.3514274 1.0998775 0.2816385 1.3852615 1.3650083 1.4462774 1.5395546 1.2509406 0.1968165 0.9478482 1.5609939 1.2605283 1.3079415 1.3160340 1.3241567 0.8687455 0.4971884 1.0475693 1.3617980 1.3104648 1.2602900 0.7823599 1.3061942 1.2674225 1.2358322 1.3156916 0.5020238 0.3196475 1.4025094 0.7023920 0.3513106 1.1479699 0.6404777 1.4529398 1.3869067 1.1147925 1.4284217 0.9917748 0.6480151 0.4083808 1.4356107 1.6218706 1.4828887 0.4434882 0.5352776 1.5176746 0.9596042 1.1863333 0.9506780 0.6229783 0.5823301 0.6666602 1.4841468 1.2694089 1.4118845 0.4680486 0.5610167 0.7638526 0.8384146 0.9190570 0.8882757 0.6969424 0.8210476 1.3592850 1.1841317 1.2239484 0.6279208 0.6090898 0.5904371 0.5726470 1.2189898 1.2583478 1.3528775 1.2656587 1.6563432 1.2720943 0.1902710 1.4589742 0.7197194 0.8317642 0.9184337 1.4997655 0.9230056 0.9254173 0.7337101 1.4269613 1.3842083 1.5280612 1.3441135 0.9716452 1.3937564 0.8879637 1.4152374 1.2302948 1.3593744 1.0494847 1.0370560 1.4126838 1.0143243 1.3966202 0.8602494 1.3862102 1.2950450 1.3305560 0.3723605 1.3284059 1.3220471 0.8534961 0.9109107 0.9138760 0.1904865 1.2527008 0.3066423 0.6149030 0.3714949 0.5369908 0.8589721 0.8317614 0.8383361 1.2586116 0.5136652 0.3327348 1.5189136 1.3366447 1.3236961 1.2883128 1.3221622 0.5527842 1.2656792 1.2737321 0.7036408 1.0083622 0.3204079 0.4608679 1.0408985 1.2936272 1.3763140 1.2655327 1.3176314 1.5279955 1.5771355 1.0499620 1.3245207 1.4822102 1.6436669 1.1703446 0.3513629 1.3986002 1.0315012 0.2616775 1.0042081 0.9056112 0.9098548 0.9194327 0.8870885 0.4968090 0.8390470 1.3949496 0.8683800 0.2740511 1.3469849 0.8603718 1.2813719 1.3280409 1.3085505 0.9080433 0.9027777 0.9727734 0.9062212 1.1066416 0.9214267 0.9212664 1.0312017 0.8913095 0.5184006 
Anopheles_funestus                     0.2697287 0.9803784 0.9027832 1.4675513 1.1430522 1.2932669 1.2951103 1.2441544 1.1801394 1.3514992 1.2347327 0.7000064 0.8938604 0.0000000 1.2941461 1.3949160 1.3781223 1.2850642 1.1527414 0.8542293 1.3443549 1.3281363 1.3600506 1.4185871 1.2448364 0.6799980 0.5423224 1.4936586 1.2424742 1.2319085 1.5473593 1.3057082 0.8306097 0.9665771 1.0965121 1.3176166 1.3352675 1.1795701 0.7972123 1.2232211 1.2987069 1.2805537 1.4045570 1.0659793 0.8364882 1.3168518 0.3556126 0.7918081 1.1901527 0.5840169 1.4649792 1.3469085 1.2573448 1.3094748 1.0066896 0.4035572 0.9579915 1.3855272 1.5039361 1.5749340 0.9331643 0.5752859 1.4484615 0.4937825 1.3533720 0.4787528 0.2464711 0.2802005 0.2630916 1.2659308 1.3301808 1.1147595 0.7831966 0.9027870 0.7400057 0.5048403 0.4780717 0.4879992 0.8903765 0.9219214 1.2518362 1.0519721 1.0740713 0.3650407 0.2656664 0.0885257 0.9875774 1.2511725 1.2672143 1.2764425 1.2783432 1.5129420 1.2680943 0.6242927 1.3312443 0.3049534 0.2360379 0.9046261 1.3731490 0.9183778 0.9129252 0.2941552 1.3890292 1.4252483 1.4603962 1.3009528 0.9442078 1.3685111 0.9148259 1.4135323 1.2182447 1.3356205 1.1242832 1.1022481 1.3471642 1.0532767 1.4016671 0.8030643 1.3882763 1.3142592 1.2631903 0.6915790 1.3558123 1.2999324 0.8734133 0.3130972 0.2989634 0.7933025 1.3302547 0.6495810 0.7743222 0.8228462 0.9643306 0.9534005 0.1986014 0.3877214 1.2442381 0.9047709 0.6564862 1.3878101 1.2972665 1.3065901 1.3024749 1.2987463 0.9712265 1.2228290 1.2534441 0.7781658 0.9726553 0.6435896 0.7691083 1.1131430 1.2917763 1.4001740 1.2211270 1.3315198 1.5377515 1.5230655 1.2340322 1.3571984 1.4987827 1.5791859 1.0695129 0.6295169 1.3104233 0.9559866 0.7116186 0.9791858 0.8823599 0.8935893 0.8925700 1.1376238 0.9395549 0.8878376 1.2994842 1.1667050 0.8725212 1.3019317 0.8685481 1.1939532 1.2859795 1.2392543 0.8918458 0.9053260 0.8757998 0.9331853 1.2133974 0.9073689 0.8973639 1.0160500 0.4445910 0.9018653 
Vespa_crabro                           1.3039718 1.2793445 1.3062807 1.2926545 0.8344792 0.5673869 0.6090059 1.0720162 1.0528662 0.2980258 1.0911943 1.0249899 1.3139183 1.2941461 0.0000000 1.0662386 1.0058184 0.4696017 0.9784567 1.2599965 0.3572573 1.1043452 1.2312083 1.1811987 0.3602176 0.9418003 1.3115444 1.3082078 0.3358322 0.3011916 0.4695724 0.2924919 0.7777629 1.3426045 0.4144748 1.1150469 1.0855734 0.9835463 1.1001750 0.3648084 0.3454012 0.2668337 1.3114961 1.4160065 1.1968820 1.1475881 0.9577740 1.0581859 0.4638676 0.9364303 1.2870381 1.2602436 1.0966515 1.2183529 0.8171036 0.9092153 1.2355329 1.2638529 1.2244372 1.2846369 1.2223210 0.8855419 1.2443173 1.2471603 0.6286401 1.1953873 0.9499551 0.9223949 1.0301168 1.1510316 0.4486044 0.9787363 1.0695467 1.1942652 0.9570130 1.2535721 1.2030051 1.2312710 1.1695675 1.2587024 0.9881668 0.2966320 0.2864759 0.9336192 0.9195390 0.9674152 1.4359349 0.0354486 1.1794085 0.3032853 0.2621754 1.3708663 1.1311931 0.9234096 1.1283775 0.9687486 1.2706649 0.6659324 1.0993241 0.6817503 0.6947539 0.9899076 1.3133072 1.2515840 1.2542823 0.0188904 0.7326966 1.1620641 0.6861956 1.2566345 0.4636075 0.4695767 0.9454385 0.9186749 1.0727996 0.8919389 1.1236847 0.6530037 1.1153822 0.5393064 0.0433391 0.9991111 0.3025129 0.1148627 0.2535171 1.3079217 1.3356207 1.0833129 1.1350842 0.9000013 1.0342878 1.0825254 1.2866104 1.3787781 1.3421983 1.2364066 0.0089404 1.2930815 0.9087529 1.1520592 0.2944962 0.2927444 0.2911678 0.2942895 1.3686858 0.3330272 0.3006084 1.1428215 0.8603524 0.9427894 1.0743242 0.3747481 0.3861860 1.2496388 1.1073721 1.0963703 1.1851458 1.2094760 0.4521922 1.1067276 1.2349002 1.2870289 0.7907296 0.9579895 0.3844263 0.8174648 1.0487538 0.3310499 0.3078223 0.3046894 0.3024914 0.3185625 1.2573588 0.2393375 1.0907502 0.2935968 1.2803206 0.4599799 0.2767191 0.8688030 0.0794020 0.0801151 0.2821421 0.3123701 0.3046292 0.3197888 0.3609952 0.4127059 0.3068214 0.2950330 1.2358300 1.2763069 
Homalodisca_vitripennis                1.2883025 1.2859971 1.2193642 1.0782969 0.7460131 1.1238497 1.1354595 1.0904214 0.9363498 1.0888329 1.0429213 1.0624272 1.3025331 1.3949160 1.0662386 0.0000000 0.7653657 1.0300529 0.9995037 1.3330927 1.0882222 1.1592158 1.1138358 1.1039155 1.0585350 1.0758539 1.2914226 1.0981908 1.0305664 1.0326554 1.2073313 1.0633388 0.8294904 1.2292975 0.9236419 1.0327147 1.1665400 1.0246757 1.1574196 1.0960628 1.0032516 1.0236592 1.1751827 1.3798143 1.2525755 1.0798198 0.9220360 1.0792835 0.9379971 0.9991923 1.2346981 1.2043583 0.9956437 1.0929326 0.6241556 0.9203002 1.2188224 1.2144110 1.0760182 1.0900992 1.2364327 0.9310776 1.1914430 1.3463628 1.0988484 1.2527052 0.9390953 0.9027164 0.9792948 1.1509862 1.0119842 0.9871155 1.1254113 1.2866365 0.9969713 1.3497011 1.3426927 1.2589843 1.2796705 1.4308670 0.4862724 0.8487130 0.8489494 0.8632868 0.9633842 0.9682213 1.2960892 1.0564607 0.9905068 1.0718490 1.0223882 1.1409636 1.1361685 1.0080126 1.0947188 0.9367557 1.3032288 0.6077884 1.0826908 0.6234335 0.6265642 0.9990968 1.1843768 1.1904674 1.2143454 1.0988975 0.6458531 1.1448661 0.6233055 1.2746762 1.0335448 1.0702230 0.9152855 0.9012880 1.0208705 0.9121107 1.0929907 0.7139367 1.1213011 1.1726747 1.0447542 0.8946879 1.0551752 1.0933109 0.6468829 1.2651507 1.3294647 1.2140924 1.0792085 1.0002026 1.1161858 1.1455730 1.2125395 1.5421457 1.3425249 1.2781328 1.0159918 1.2174112 0.8800326 1.0734015 1.0345844 1.0507708 1.0561552 1.0554741 1.2992103 1.0577306 0.9828299 1.2710497 0.7911309 0.9432353 1.0850012 1.0373181 1.1079714 1.1802456 1.0757041 1.0652929 1.0298288 1.0727311 1.1446439 1.1845559 1.1981399 1.0902404 0.6529574 0.8469344 1.1643280 0.6409938 1.1925969 0.8638692 0.7961262 0.7880190 0.7868852 0.9757111 1.2517989 0.6798962 1.1093103 0.9082305 1.3598058 1.1047609 0.6596399 0.7961561 1.0411027 1.0378487 0.7650515 0.8409797 0.7310975 0.8494275 1.0373772 0.7553423 0.8159881 0.7608219 1.2490864 1.2000738 
Ischnura_elegans                       1.3711185 1.3493581 1.3641352 1.1815864 0.5394334 0.9522852 0.9857959 1.0854015 1.0655706 1.0533243 1.1151129 1.1604145 1.3788653 1.3781223 1.0058184 0.7653657 0.0000000 0.9707650 1.0741320 1.3734848 1.1056341 1.0923384 1.2317348 1.0567772 1.0238474 1.0647893 1.3045478 1.0611353 1.0265040 1.0102413 1.2372132 1.0550493 0.7407152 1.3813133 0.9192173 1.0729179 1.1825311 1.0287026 1.1589021 1.0384094 1.0319529 1.0238957 1.2529832 1.4363362 1.2681834 1.1305951 0.9541189 1.1532108 0.8265094 0.9942238 1.3863047 1.3087262 1.1777636 1.2545418 0.6346481 0.9574425 1.3110406 1.3237878 1.0507405 1.0653277 1.3187368 0.9703879 1.2278021 1.3128558 1.0413471 1.2516188 0.9552268 0.8921309 1.0312392 1.1972027 0.9215263 0.9980223 1.1182946 1.2120404 0.9488548 1.3162905 1.3486317 1.2640968 1.1276559 1.4089290 0.8093849 0.8463518 0.8468544 0.9148112 0.8788415 0.9623773 1.4568667 0.9695194 1.1503320 1.0052287 1.0143775 1.1731756 1.1480668 0.9971137 1.1543638 1.0345871 1.2707276 0.4658469 1.1266267 0.4741841 0.4690494 1.0629606 1.3395883 1.2098940 1.2620249 1.0352075 0.4884590 1.1822762 0.4862400 1.3158945 0.8661780 0.9310589 0.9352052 0.9932339 1.0685999 0.9036144 1.0941707 0.5978050 1.0953230 0.9829422 1.0007765 1.0490455 1.0320681 1.0192620 0.7459450 1.3528579 1.4254707 1.2479959 1.1383949 0.9183077 1.0513920 1.1597409 1.3372276 1.4109338 1.3579578 1.3682536 0.9669499 1.3690018 0.9639947 1.0980899 1.0352636 1.0452176 1.0407742 1.0444647 1.3877874 1.0157711 0.9393155 1.2474388 0.7784853 1.0005609 1.1145305 0.9663978 1.0395706 1.2336084 1.1654988 1.1727751 1.0083758 1.0322141 1.0533973 1.1402889 1.2704588 1.0754205 0.6001056 0.9444678 1.1144099 0.6536250 1.1762597 0.8017883 0.7484245 0.7358941 0.7483561 0.9225738 1.3894052 0.7039321 1.1883793 0.9357005 1.3837132 1.0623599 0.7237574 0.7905559 0.9802357 0.9715135 0.7830125 0.7441434 0.7729991 0.8102989 0.9876598 0.7438525 0.7700589 0.8216650 1.3122287 1.3559940 
Cotesia_glomerata                      1.3290433 1.3155851 1.3164884 1.3530128 0.8553033 0.5489687 0.5913413 1.0734294 1.0954083 0.4903581 1.0997570 1.0891738 1.3514274 1.2850642 0.4696017 1.0300529 0.9707650 0.0000000 1.0309034 1.2629187 0.5256778 1.0434639 1.1839681 1.1397772 0.5198760 1.0083639 1.2739134 1.2963848 0.4845983 0.4682146 0.6412206 0.4793363 0.7543513 1.3500115 0.5311808 1.0896553 1.1411763 1.0077577 1.0918522 0.5134774 0.5224188 0.4736847 1.2769407 1.3902846 1.1592357 1.1332318 0.9253948 1.1675827 0.4509865 0.9300695 1.3142269 1.2839235 1.1008390 1.2021401 0.7990301 0.9023254 1.2797148 1.3033731 1.2567765 1.3221666 1.2773250 0.9068596 1.1609888 1.2151511 0.6421019 1.1891012 0.9286617 0.8985385 0.9800172 1.1418652 0.1464516 0.9675435 1.0304652 1.1446548 0.9534852 1.2840940 1.2125865 1.1744237 1.0997247 1.2800656 1.0261864 0.4235198 0.4129866 0.9159469 0.8802327 0.9228892 1.3439871 0.4521287 1.1541890 0.4937682 0.4676719 1.4485777 1.1380606 0.9695931 1.1190125 0.9812185 1.2350027 0.6874477 1.1732425 0.7030903 0.7146783 0.9633760 1.2730814 1.2112040 1.2084951 0.4833112 0.7341920 1.1926914 0.7202168 1.2543487 0.5174650 0.5212424 0.9619622 0.9753181 1.1057724 0.9441042 1.1280730 0.6795975 1.1147521 0.4454500 0.4428978 1.0340084 0.4922755 0.5076572 0.3510164 1.3172628 1.3566966 1.1269333 1.1383716 0.8915936 1.0198374 1.1205892 1.2831732 1.3650008 1.2932275 1.2343786 0.4480400 1.3099662 0.9565207 1.1974411 0.4731227 0.4786992 0.4744498 0.4776808 1.3462525 0.5253614 0.4773143 1.1449837 0.8364117 1.0139994 1.0636176 0.5168202 0.5483660 1.2409488 1.0890246 1.1900462 1.2158987 1.2481456 0.5889434 1.1132547 1.2460165 1.3300751 0.8072645 0.9294729 0.5473399 0.8136974 1.0563912 0.4331192 0.4198569 0.4143992 0.4282461 0.4603763 1.2975405 0.3510705 1.2032511 0.4672991 1.2600593 0.5521321 0.3832344 0.9017917 0.4605042 0.4599753 0.4302691 0.4215228 0.4342004 0.4517975 0.5125788 0.4580909 0.4319793 0.4382981 1.1947912 1.2928202 
Pararge_aegeria                        1.1657408 1.1719143 1.1654176 1.1839058 0.9840904 1.0707714 1.0113456 0.9817213 0.2707022 0.9592764 0.9955334 1.1178279 1.0998775 1.1527414 0.9784567 0.9995037 1.0741320 1.0309034 0.0000000 1.1474881 1.0128354 0.9495515 0.2795208 1.0312327 1.0086503 1.0055567 1.1842596 1.2320436 0.9796852 0.8929417 1.0939991 0.9483450 0.9300962 1.1556937 0.9480469 1.0126213 1.0854457 0.9759275 1.1660233 1.0120529 0.9753955 0.9480572 0.3496434 1.1642636 1.1691795 1.0229185 1.0032788 1.0455327 0.9434018 1.0340527 0.3533934 0.4004712 0.3150851 0.3561387 0.9376023 1.0075153 1.1093169 0.3593640 1.1775702 1.2691327 1.0965262 1.0472520 0.3597013 1.1620739 1.0393779 1.1485376 0.9847866 0.9796678 1.0798670 0.9830252 1.0114088 0.9633892 1.0885137 1.1428731 1.1441063 1.0873964 1.1198520 1.0611692 1.1256969 1.1867900 0.9762800 0.9356063 0.9224252 0.9923953 0.9890245 0.9837665 1.1604559 0.9551825 0.3014265 0.9125306 0.9512950 1.3114255 0.2517645 1.0850152 0.9990161 1.0862873 1.1594921 0.9052194 0.3011201 0.9306126 0.9125826 1.0927270 0.3590919 0.2435054 0.2829062 0.9820378 0.9197979 0.2891000 0.9272464 0.2497362 1.0012512 1.0600527 0.2503509 0.2374967 1.0187590 0.2324094 1.0026800 0.9192113 1.0211939 1.0999965 0.9764462 1.1083823 0.9621512 0.9888231 0.8666161 1.1979181 1.1751315 1.1345481 0.2571233 1.0735398 1.0508836 1.1413217 1.1041352 1.1877331 1.1847871 1.2262890 0.9672546 1.1872085 0.9548951 1.1992288 0.9347993 0.9668604 0.9478482 0.9604785 1.1272914 1.0116164 0.9290071 1.2571878 0.8980600 0.9902747 1.2090475 0.9539863 0.9993915 0.2918762 0.3664060 0.3576575 1.1934030 1.1694646 1.0820080 1.0518209 0.3028881 1.2699470 0.9004810 0.9315595 1.0380268 1.0203070 1.0758992 0.8904376 0.8935248 0.8940102 0.8989281 0.9742073 1.1471001 0.7764516 1.0253735 0.9324017 1.1601842 1.0113711 0.7947325 1.0237376 0.9882672 0.9846716 0.8717582 0.8804937 0.8819134 0.9188857 1.0037787 0.8415372 0.9027453 0.8563905 1.1575945 1.1858993 
Rhagoletis_pomonella                   0.8691035 0.4256119 0.4303380 1.5241801 1.1702149 1.3007745 1.3452183 1.3167775 1.1632261 1.2962054 1.3103013 0.1280990 0.2816385 0.8542293 1.2599965 1.3330927 1.3734848 1.2629187 1.1474881 0.0000000 1.3416173 1.2860777 1.3367151 1.4876351 1.2820859 0.2224920 0.9698830 1.4450741 1.2680664 1.2339910 1.5602365 1.2568701 0.8208337 0.4940332 1.1152038 1.3143540 1.2578311 1.2459158 0.7009558 1.2506407 1.3103594 1.2191808 1.3586550 0.5333671 0.1866963 1.3227828 0.6625463 0.3830749 1.1072897 0.6399044 1.4541557 1.3779626 1.1742678 1.2998170 1.0516984 0.6013366 0.4168764 1.3794125 1.4370068 1.4590453 0.4338359 0.5455875 1.4139953 0.9550115 1.3137786 0.8820993 0.6323057 0.5872529 0.6695220 1.3433339 1.2015006 1.2213194 0.3937805 0.4675519 0.6364635 0.9246287 0.9410897 0.8973025 0.6120215 0.7721029 1.2876340 1.0913944 1.0866380 0.5900375 0.6038393 0.5898272 0.4710873 1.2225060 1.2155307 1.2437947 1.2241594 1.5353689 1.2649684 0.1622069 1.3812344 0.6544934 0.8194571 0.9341832 1.3526588 0.9608744 0.9376409 0.6385487 1.3627489 1.3263020 1.4192740 1.2824305 0.9803469 1.3435585 0.9367561 1.3627147 1.1931126 1.2860923 1.0831641 1.0382536 1.3208284 0.9961985 1.3627612 0.8146808 1.3790685 1.2973420 1.2443813 0.3558954 1.2898522 1.2902962 0.8554349 0.8377281 0.8796279 0.1644976 1.2284065 0.2749052 0.5419195 0.3726716 0.4485971 0.9662717 0.8502379 0.9010804 1.1989780 0.3923005 0.3172530 1.4273431 1.2737354 1.2512718 1.2401123 1.2523773 0.4722205 1.2557394 1.2522891 0.6771593 1.0317162 0.3355111 0.4370556 1.1572914 1.2587569 1.3713452 1.1697465 1.2553880 1.3894781 1.4519221 1.2400320 1.3034590 1.4136792 1.4866026 1.0548742 0.3400001 1.3592127 1.0465353 0.1651483 1.0071161 0.8972794 0.8887789 0.9049761 1.1498254 0.3839747 0.8377210 1.3610327 1.1288932 0.0321210 1.3348924 0.8456706 1.1256646 1.2468186 1.2593176 0.9211800 0.9042199 0.9229052 0.9331430 1.1681381 0.9056856 0.9123073 0.9494000 0.8922992 0.3915188 
